   26.701439713492690       0.62467381738205152     
  -186.51799724525409        213.84411077612884     
   26.220193661521414        1.1059198693533301     
   26.854034826310649       0.47207870456409479     
   27.006514929435468       0.31959860143927571     
   23.185580324155087        4.1405332067196561     
   26.868716471810117       0.45739705906462630     
   13.885678908524206        13.440434622350537     
   24.310082744826932        3.0160307860478111     
   26.369420115806065       0.95669341506867855     
   26.903025721037960       0.42308780983678240     
   26.990288873644683       0.33582465723005767     
   16.771579030146231        10.554534500728511     
   26.854075567732966       0.47203796314177748     
   26.855327208936970       0.47078632193777126     
   25.844574643833649        1.4815388870410937     
   27.182512891553362       0.14360063932138137     
   26.475115213377794       0.85099831749694743     
   26.853369299848680       0.47274423102606278     
   26.838239901377641       0.48787362949710156     
   26.893953151578319       0.43216037929642431     
   19.122776404515314        8.2033371263594272     
   27.087843839214663       0.23826969166008038     
   26.789352514974706       0.53676101590003689     
   26.603262724931749       0.72285080594299411     
   26.918673529795981       0.40744000107876022     
   26.803706033899513       0.52240749697522915     
   26.934022541412162       0.39209098946257925     
   22.318589928006165        5.0075236028685781     
   26.209559527908969        1.1165540029657730     
   22.582474519727633        4.7436390111471116     
  -1247.9673915435210        1275.2935050743956     
   26.892967312872671       0.43314621800207342     
   26.967711167884836       0.35840236298990669     
   26.671775061650941       0.65433846922380223     
   27.142562810892102       0.18355071998264078     
   27.058152408304995       0.26796112256974725     
   26.272183240207969        1.0539302906667751     
   27.070386656821793       0.25572687405295025     
   26.966795008576803       0.35931852229793831     
